Place cells: 500    Grid cells: 1000
C    thresh    f_I    f_p    :    (spars1,cov1), (spars2,cov2),... 
0.330000    0.000001    1.000000    15.000000    :    [(0.332, 1.0)]
0.330000    0.000001    2.000000    15.000000    :    [(0.5, 1.0)]
0.330000    0.000001    3.000000    15.000000    :    [(0.618, 0.9924)]
0.330000    0.000001    4.000000    15.000000    :    [(0.682, 0.9916)]
0.330000    0.000001    5.000000    15.000000    :    [(0.698, 0.98)]
0.330000    0.000001    6.000000    15.000000    :    [(0.74, 0.9608)]
0.330000    0.000001    7.000000    15.000000    :    [(0.774, 0.9496)]
0.330000    0.000001    8.000000    15.000000    :    [(0.77, 0.9308)]
0.330000    0.000001    9.000000    15.000000    :    [(0.798, 0.9352)]
0.330000    0.000001    10.000000    15.000000    :    [(0.792, 0.9356)]
